1
0
18
10
19
6
0
5
0
2
0
2
2
1
13
0
5
9
0
3
0
2
9
5
7
0
5
3
8
0
4
0
2
11
0
3
8
8
1
25
0
6
36
0
3
9
23
0
4
18
47
0
4
4
1
16
0
5
31
0
3
16
6
21
0
5
8
29
0
4
16
9
26
0
5
9
4
7
53
0
6
18
32
0
4
8
19
82
0
5
15
0
3
32
11
61
0
5
8
13
85
0
5
5
1
50
0
5
4
24
0
4
3
20
0
4
4
1
13
19
33
0
7
45
0
3
13
8
29
61
34
0
7
10
130
0
4
20
24
29
11
46
0
7
11
4
9
71
0
6
69
0
3
27
0
3
3
1
40
0
5
53
83
0
4
19
46
25
128
0
6
21
108
0
4
10
42
0
4
4
1
23
135
0
6
14
0
3
31
130
55
0
5
32
100
0
4
17
0
3
12
0
3
3
1
24
67
0
6
24
4
14
26
140
0
7
72
0
3
15
129
0
4
12
23
43
0
5
35
0
3
12
8
105
0
5
8
4
15
19
74
0
7
27
90
0
4
9
101
0
4
4
1
48
0
5
20
119
0
4
8
24
52
0
5
9
18
185
0
5
5
1
19
33
153
0
7
34
147
0
4
21
110
0
4
4
1
15
49
0
6
82
204
0
4
9
30
0
4
4
1
14
90
58
0
7
29
167
0
4
10
135
129
92
0
6
25
149
0
4
10
10
1
22
0
6
10
5
57
0
5
3
101
84
0
5
5
1
15
51
0
6
16
272
0
4
26
134
0
4
4
1
14
51
14
2
323
0
9
63
0
3
30
66
0
4
15
28
0
4
4
1
20
116
0
6
34
99
0
4
9
22
58
79
0
6
10
60
0
4
10
4
2
37
0
6
10
6
2
6
2
2
1
31
215
0
11
262
0
3
48
157
0
4
22
33
142
0
5
82
128
252
0
5
5
1
23
202
0
6
30
68
0
4
20
62
0
4
4
1
14
86
0
6
14
4
7
141
0
6
6
1
12
221
0
6
5
32
264
0
5
4
16
120
0
5
5
1
16
6
14
26
125
0
9
94
0
3
68
47
429
0
5
16
15
118
0
5
5
1
22
76
0
6
24
233
0
4
36
456
0
4
4
1
14
34
129
194
0
8
249
0
3
35
285
0
4
14
13
392
0
5
33
107
0
4
9
52
265
0
5
9
5
2
132
0
6
43
312
0
4
15
57
214
0
5
13
28
180
0
5
5
1
49
265
26
84
223
0
9
28
13
15
21
282
0
7
120
104
0
4
30
141
125
101
242
0
7
11
172
0
4
11
4
2
51
232
0
7
11
7
2
7
2
2
1
43
59
0
11
10
204
309
0
5
53
444
0
4
25
293
0
4
4
1
19
343
0
6
82
200
0
4
9
64
0
4
4
1
14
112
0
6
14
4
7
43
40
479
0
8
131
0
3
131
3
2
52
120
81
0
8
11
53
48
244
0
6
25
49
106
0
5
58
281
0
4
32
210
0
4
4
1
44
0
5
13
115
0
4
8
29
375
0
5
9
62
251
0
5
5
1
19
77
0
6
38
0
3
53
46
534
0
5
13
28
145
0
5
5
1
19
19
1
3
16
232
130
528
0
12
268
0
3
9
39
0
4
48
74
489
0
5
23
307
0
4
9
13
34
234
0
6
47
264
286
0
5
15
186
0
4
15
4
2
108
583
0
7
123
0
3
38
66
400
0
5
19
55
578
0
5
5
1
60
387
0
6
35
265
225
0
5
10
183
0
4
33
265
9
52
143
0
7
35
16
80
0
5
16
4
14
168
0
6
27
562
0
4
8
129
304
0
5
15
62
129
6
13
80
23
87
0
10
40
187
0
4
19
61
700
0
5
19
5
2
81
187
12
118
354
0
10
19
10
2
10
2
2
1
76
359
0
11
201
0
3
95
0
3
3
1
12
24
369
0
7
73
0
3
9
81
35
78
0
6
58
213
0
4
52
90
579
0
5
50
780
0
4
9
19
47
148
0
6
19
5
12
35
26
344
0
8
93
0
3
36
408
0
4
21
347
0
4
4
1
54
0
5
22
429
440
0
5
5
1
10
80
108
173
0
8
29
251
246
0
5
12
40
114
0
5
5
1
18
678
0
6
53
249
439
0
5
10
27
149
638
0
6
11
106
300
0
5
11
5
2
118
128
548
0
8
40
34
234
234
1
33
190
0
9
91
0
3
78
111
0
4
73
121
0
4
4
1
17
797
0
6
39
273
0
4
9
22
84
448
0
6
10
55
241
0
5
47
122
0
4
15
203
0
4
4
1
29
91
43
389
0
8
57
487
0
4
11
69
884
0
5
25
380
0
4
9
40
71
897
0
6
40
5
12
113
0
6
6
1
33
79
674
0
7
194
554
0
4
23
245
0
4
4
1
15
54
156
0
7
15
5
28
373
0
6
27
128
115
407
0
6
6
1
19
195
0
6
5
17
101
522
0
6
6
1
12
52
223
547
0
8
79
51
524
0
5
18
169
0
4
47
104
550
0
5
9
80
196
0
5
5
1
27
47
13
313
0
8
27
6
36
231
0
6
4
25
104
25
2
179
0
8
14
348
0
4
11
120
506
0
5
30
587
0
4
9
40
115
80
42
990
0
8
21
260
0
4
12
72
959
0
5
21
9
18
68
704
0
7
110
904
0
4
16
391
0
4
4
1
67
990
30
40
36
63
842
0
11
51
96
0
4
14
60
436
0
5
35
316
0
4
9
38
457
0
5
9
5
2
80
61
398
0
8
61
4
15
157
823
0
7
52
135
928
0
5
18
62
429
325
0
6
108
321
0
4
20
819
0
4
4
1
63
58
384
0
7
26
365
0
4
10
260
98
0
5
30
75
0
4
9
54
206
0
5
9
5
2
59
688
0
7
25
145
584
0
5
10
26
31
893
0
6
51
95
444
696
0
6
6
1
49
649
0
6
5
19
223
210
647
0
7
30
46
620
0
5
11
120
171
0
5
5
1
23
266
0
6
23
4
60
127
0
6
6
1
12
169
230
0
7
29
325
103
0
5
23
18
111
370
0
6
17
264
616
0
5
11
40
166
0
5
5
1
28
293
762
0
7
28
5
8
148
487
350
0
8
5
7
10
92
1074
0
7
5
7
2
109
0
6
38
178
0
4
64
777
0
4
4
1
36
207
0
6
14
202
985
0
5
24
553
0
4
14
9
139
0
5
9
4
7
35
214
886
0
8
49
125
861
0
5
13
307
705
0
5
5
1
38
48
718
0
7
22
447
0
4
27
319
0
4
4
1
15
227
0
6
53
516
0
4
9
43
444
168
669
0
7
25
186
727
0
5
36
73
493
0
5
5
1
27
33
432
0
7
17
133
0
4
28
120
172
919
0
6
38
57
474
0
5
21
328
0
4
15
51
212
0
5
9
48
71
474
15
9
5
7
32
857
0
12
184
0
3
547
426
0
4
24
119
1279
0
5
17
48
24
7
20
291
0
8
115
384
288
0
5
13
115
6
54
278
0
7
16
370
205
0
5
12
38
64
166
202
157
336
0
9
52
336
4
42
411
0
7
21
74
853
0
5
21
5
2
195
498
0
7
12
28
98
325
247
0
7
7
1
115
48
62
360
0
8
60
271
0
4
35
184
85
1514
0
6
62
14
199
0
5
35
11
260
356
0
6
11
5
8
24
90
752
0
8
5
7
38
73
159
0
7
5
7
2
58
387
873
0
8
15
132
1119
0
5
12
64
91
635
0
6
34
690
0
4
55
658
0
4
4
1
71
155
0
6
14
58
31
383
0
6
6
1
12
28
92
300
727
212
177
0
11
64
36
215
1292
0
6
16
140
1488
0
5
48
102
0
4
37
1316
0
4
4
1
30
396
0
6
19
406
0
4
9
150
0
4
4
1
14
52
156
658
64
39
736
0
11
44
1065
0
4
14
13
190
766
0
6
29
400
985
337
0
6
6
1
27
269
0
6
5
56
0
4
22
314
0
4
4
1
14
28
85
158
0
8
124
0
3
248
0
3
3
1
14
14
1
3
5
28
18
436
580
0
13
51
283
0
4
30
84
796
0
5
15
152
0
4
9
85
37
101
715
0
7
169
471
0
4
11
82
1201
0
5
20
280
0
4
9
20
5
7
17
292
0
8
60
228
0
4
12
155
167
1535
0
6
86
1405
0
4
10
464
0
4
4
1
69
822
0
6
14
75
587
703
0
6
6
1
12
28
80
644
0
8
38
235
0
4
23
525
0
4
4
1
16
184
272
1543
0
8
16
6
25
417
0
6
4
14
37
88
0
6
6
1
20
75
44
168
436
117
0
10
61
681
0
4
19
197
0
4
4
1
18
132
270
0
7
95
626
0
4
10
20
28
64
201
1081
0
8
49
506
785
0
5
113
893
648
0
5
5
1
29
203
934
0
7
29
5
8
20
27
204
1360
0
9
136
0
3
180
1420
0
4
41
0
3
7
20
17
145
688
693
0
8
24
351
0
4
15
183
1204
0
5
34
329
0
4
9
32
473
0
5
9
5
2
357
0
6
104
864
0
4
15
24
29
57
511
0
7
42
441