0 jmp 1 149
151 jmp 1 410
565 jmp 1 14
579 jmp -1 101
479 nop -1 289
481 jmp -1 476
9 jmp 1 246
255 nop -1 186
256 nop -1 187
259 jmp -1 222
40 jmp 1 64
107 jmp 1 406
513 nop -1 155
516 nop 1 54
517 jmp -1 461
56 jmp 1 227
283 jmp 1 140
426 jmp -1 343
85 jmp 1 203
289 jmp -1 269
23 jmp 1 417
444 jmp -1 303
141 nop -1 44
143 nop 1 418
145 jmp 1 233
378 nop -1 134
380 jmp 1 5
386 jmp -1 215
173 jmp -1 58
115 jmp 1 146
261 nop -1 234
265 jmp 1 11
278 nop 1 253
280 jmp 1 302
584 jmp 1 1
585 jmp -1 401
185 nop 1 363
186 jmp 1 84
273 jmp 1 55
328 nop 1 185
330 jmp -1 261
69 nop 1 80
72 jmp 1 104
178 jmp 1 225
406 jmp -1 295
113 jmp 1 457
573 jmp -1 120
456 jmp -1 249
209 jmp 1 149
359 jmp 1 1
360 jmp 1 249
611 nop -1 500
612 jmp -1 113
499 jmp -1 12
487 jmp -1 359
129 jmp 1 405
535 jmp -1 508
31 jmp 1 405
436 jmp 1 1
438 jmp -1 141
297 nop -1 21
299 jmp 1 192
493 jmp -1 441
53 jmp 1 289
342 jmp 1 1
343 jmp 1 247
590 nop -1 99
592 jmp -1 301
295 jmp -1 47
249 jmp 1 368
617 jmp -1 482
139 jmp 1 290
431 jmp -1 66
366 jmp -1 12
354 nop -1 205
356 jmp -1 159
198 jmp 1 149
348 jmp 1 249
597 jmp 1 1
598 jmp -1 444
155 jmp 1 6
162 jmp 1 302
464 jmp 1 1
466 jmp -1 130
339 jmp -1 139
203 jmp 1 1
204 jmp 1 400
604 nop -1 65
606 jmp -1 292
316 jmp -1 256
61 nop 1 167
63 nop 1 471
64 jmp 1 101
167 jmp 1 412